500
100
600
53 75 9 292
28 20 4 242
21 82 9 326
53 80 1 338
88 92 2 201
39 80 3 967
43 81 9 122
69 87 5 590
5 84 8 124
26 93 3 228
9 62 2 729
86 21 4 662
68 90 4 886
65 15 8 938
53 17 6 983
1 72 6 679
80 34 2 487
69 53 6 652
43 32 3 237
16 80 1 564
76 95 10 410
78 93 8 136
24 41 6 847
100 46 4 826
9 47 3 481
79 92 3 584
26 14 7 216
41 92 4 919
26 15 6 728
12 75 9 743
45 19 2 730
85 22 2 726
10 35 2 598
50 63 7 111
26 89 10 810
52 50 5 630
67 57 4 724
13 4 10 563
2 13 6 474
84 64 8 533
66 6 10 485
18 57 7 734
60 64 3 281
51 91 4 756
13 23 7 500
32 46 1 390
53 24 4 957
93 9 7 843
6 16 9 945
47 40 9 303
7 14 10 749
3 64 3 291
49 88 3 793
96 48 2 538
86 88 3 874
45 25 9 346
37 72 8 426
60 62 6 278
11 75 7 736
61 40 10 147
41 38 8 125
49 20 1 214
100 36 2 884
11 68 8 588
24 90 8 565
50 98 2 426
53 64 6 372
85 5 3 302
81 26 6 133
38 42 2 687
24 43 10 144
20 80 4 421
90 34 1 155
53 33 5 153
73 83 3 967
8 19 6 708
52 59 6 796
84 75 5 880
41 13 3 319
43 41 2 473
44 94 10 169
44 65 3 454
34 6 4 181
70 52 6 772
27 45 6 809
51 54 9 256
28 47 2 893
57 78 6 825
58 24 1 155
40 4 9 404
89 29 7 888
50 54 7 112
69 16 10 718
42 27 2 864
80 40 7 165
46 63 5 868
87 71 4 421
65 6 9 756
49 43 1 506
5 20 9 597
67 1 8 779
60 97 8 538
53 18 3 777
48 5 3 518
71 32 4 799
100 88 5 653
6 95 4 573
9 53 3 254
54 12 8 302
74 58 6 737
82 24 6 915
95 17 10 943
82 41 7 309
35 19 4 612
37 79 2 971
41 51 4 198
5 16 7 329
70 21 5 156
33 88 1 163
98 64 7 275
14 74 7 638
62 90 5 609
47 73 5 224
30 43 5 454
64 47 6 208
22 14 9 945
53 70 1 994
95 97 9 810
36 6 7 969
97 7 2 256
6 88 3 122
74 29 5 973
78 92 10 867
2 39 5 873
35 17 8 401
34 27 6 751
43 27 1 169
54 45 10 574
69 28 4 574
70 93 6 353
56 31 3 148
4 91 2 551
68 18 8 336
39 43 9 642
83 19 10 506
87 40 4 811
53 98 8 311
51 92 3 539
92 1 6 589
65 63 8 246
98 10 9 969
67 20 3 312
98 15 10 778
32 1 7 201
76 68 4 574
59 16 9 234
25 16 8 126
94 78 8 654
100 48 9 936
40 72 10 681
3 20 3 458
83 93 2 128
19 91 1 913
47 86 1 914
59 7 2 892
49 42 9 882
29 62 2 978
49 54 8 238
89 11 5 935
61 50 9 528
53 15 6 389
28 34 6 437
3 85 7 600
24 6 5 733
18 51 4 674
23 71 3 718
41 62 9 941
26 16 6 408
70 17 2 571
49 33 5 812
85 19 9 470
48 3 8 462
54 68 4 790
66 2 7 467
35 40 3 723
13 73 3 364
91 33 5 944
35 70 4 796
24 76 3 111
59 8 8 769
54 35 6 332
89 71 4 315
66 10 1 481
30 91 2 305
88 97 10 608
17 41 7 926
97 16 3 644
5 77 9 103
85 63 1 394
77 50 4 975
58 27 9 793
94 45 10 822
96 35 7 846
36 91 5 951
39 27 10 868
38 74 4 965
44 61 9 976
89 52 2 572
15 75 9 868
4 70 2 851
36 71 2 409
43 26 2 433
85 12 1 329
15 32 7 704
58 36 10 481
4 46 4 252
30 63 10 144
59 19 7 102
36 81 1 611
89 24 10 504
78 46 3 790
41 72 3 807
91 42 9 388
21 37 6 263
38 2 9 103
66 93 6 491
32 29 6 521
84 93 8 161
62 8 3 788
55 41 7 904
69 51 2 432
28 55 2 985
96 34 5 909
52 32 1 924
58 72 10 882
92 70 1 328
85 11 9 780
80 60 6 656
48 22 3 628
69 32 7 997
57 25 6 992
38 36 10 921
55 9 7 417
66 82 3 982
2 78 5 201
65 76 6 910
87 95 10 210
43 29 1 867
80 54 8 460
100 70 7 285
74 85 7 669
86 53 2 343
10 77 1 737
38 91 10 725
9 64 10 196
64 76 4 520
1 57 7 130
63 78 9 567
85 64 7 817
16 76 10 472
59 21 1 225
2 61 10 929
35 92 1 881
27 35 7 476
74 49 6 728
4 83 3 178
94 10 1 719
57 69 10 532
77 24 3 384
7 53 2 169
74 51 3 493
70 68 7 217
26 27 2 552
84 53 2 689
59 51 2 586
60 21 3 666
88 50 3 516
60 16 1 170
50 17 6 704
56 69 7 100
97 31 9 154
16 24 3 399
27 1 6 608
98 11 2 236
32 100 10 386
48 90 7 650
80 43 10 443
53 34 5 335
2 17 8 912
76 72 7 846
19 75 10 988
61 76 1 514
41 45 9 813
79 69 7 776
12 100 4 596
84 58 8 162
49 75 6 177
82 4 7 239
18 2 7 928
12 13 7 852
76 30 3 372
96 7 2 180
51 87 8 178
66 70 8 512
20 93 5 982
51 61 7 274
36 96 2 524
62 7 10 497
58 25 4 393
81 60 5 654
84 77 3 408
64 26 6 303
10 44 6 311
64 91 2 188
91 85 9 393
8 87 10 740
63 24 7 507
80 35 7 281
76 56 4 847
18 28 9 750
58 67 9 733
32 56 8 855
78 45 10 492
7 22 4 677
72 3 1 121
25 61 7 202
52 100 4 824
25 36 10 257
5 43 2 493
75 31 3 571
59 64 3 569
65 28 5 805
45 100 6 972
18 73 6 639
4 86 8 846
60 96 9 802
87 20 7 440
16 23 2 490
90 84 10 895
73 1 7 379
62 59 1 848
97 24 5 690
10 81 7 571
55 77 4 823
70 11 2 315
30 7 9 973
22 12 10 740
61 12 6 607
67 9 7 112
49 70 10 167
63 37 2 170
26 23 2 673
48 49 1 324
86 98 1 290
22 52 7 288
84 48 2 716
78 48 10 728
72 6 7 394
91 17 2 480
61 70 6 739
3 37 7 732
16 34 6 993
71 40 9 818
60 11 10 690
89 49 9 394
77 48 8 270
46 24 6 787
65 87 8 852
80 14 10 574
4 59 8 897
4 92 2 827
19 53 10 634
69 72 10 740
43 54 6 893
31 84 9 795
56 93 1 502
37 40 7 294
56 36 2 514
20 46 5 128
36 57 8 836
89 21 6 461
100 98 7 563
78 99 7 344
85 51 9 834
33 42 9 773
6 38 3 437
20 15 7 704
44 76 10 140
35 94 10 199
1 91 8 993
96 16 10 233
40 79 9 539
9 44 5 998
67 4 7 871
93 74 7 516
2 86 8 515
63 3 6 130
13 30 8 583
50 79 10 313
82 62 10 435
76 2 6 886
28 92 8 642
67 64 8 793
65 40 9 911
82 77 2 868
53 49 3 718
21 69 7 853
84 82 5 118
7 26 8 510
10 62 9 869
94 12 1 353
25 79 6 890
99 14 4 379
83 50 2 377
77 27 1 311
96 12 5 962
46 42 4 807
3 18 2 350
64 54 1 218
41 26 8 669
13 87 5 712
36 51 10 344
38 86 2 183
30 89 5 772
29 81 4 365
40 83 1 894
82 93 3 282
23 36 6 682
45 88 6 626
69 93 10 572
98 7 2 364
76 71 10 671
19 54 2 839
23 38 2 578
28 31 7 982
12 6 4 222
19 29 4 210
42 8 1 963
59 82 10 371
31 39 7 993
73 11 9 150
31 57 7 368
16 33 5 268
100 3 4 650
20 17 5 125
50 5 6 449
98 19 7 265
84 40 4 110
60 79 4 855
31 51 3 123
18 17 10 382
85 87 4 144
26 69 2 452
82 27 8 889
30 68 1 526
9 17 7 671
10 5 5 145
21 87 6 943
83 1 9 810
26 48 8 685
93 55 10 281
59 60 3 700
61 53 3 565
72 2 4 626
39 44 7 417
100 77 4 652
41 18 2 962
88 28 4 617
94 85 3 739
33 51 7 966
52 46 10 441
33 45 6 567
52 72 4 379
66 60 9 379
85 10 9 899
34 61 4 862
46 2 1 764
13 33 9 322
44 53 8 496
50 36 4 747
26 28 10 597
35 2 1 928
23 89 5 482
28 45 8 144
68 80 4 283
84 56 8 714
87 23 6 526
76 3 1 619
89 94 5 426
68 51 5 201
8 52 4 864
34 71 8 197
2 87 4 812
24 31 7 586
52 3 9 504
58 77 3 372
18 26 4 294
38 100 8 835
27 24 6 466
99 13 1 582
56 54 6 460
95 36 4 849
67 37 4 217
50 33 10 594
94 82 9 690
36 64 7 441
1 8 7 453
2 59 1 100
70 60 8 134
59 63 4 639
24 15 8 581
5 81 9 660
84 9 9 176
57 3 2 674
24 20 9 219
94 83 4 355
26 17 8 919
17 37 2 853
52 36 9 113
72 51 5 558
42 14 2 935
31 11 1 504
91 31 8 423
30 15 8 415
25 18 4 421
93 51 8 706
99 32 8 562
95 14 10 373
11 42 9 230
65 34 4 786
46 43 7 698
95 21 2 226
4 47 1 181
95 69 1 816
98 17 1 938
17 71 6 870
36 17 2 779
34 37 8 478
46 76 6 208
8 22 6 358
29 78 2 274
14 30 3 470
16 78 1 964
38 46 3 953
21 63 4 410
89 92 9 322
15 44 10 960
7 27 4 495
7 35 4 981
23 55 2 139
2 36 8 814
53 23 10 874
6 70 6 415
72 95 7 707
33 69 5 678
16 79 4 224
100 6 6 736
80 75 3 990
97 46 6 978
81 41 10 348
41 60 6 624
10 40 4 906
99 2 4 253
21 73 4 148
71 88 3 175
20 45 6 667
71 35 6 587
55 40 5 849
83 66 2 495
28 100 1 794
32 51 6 117
25 60 8 632
44 37 3 842
35 46 10 469
32 20 2 458
50 84 1 646
50 64 8 717
67 27 7 301
76 31 4 780
100 19 6 959
70 69 1 391
62 68 10 556
99 90 7 882
41 70 7 840
69 4 2 430
85 67 5 214
25 22 3 259
3 67 6 229
33 1 5 439
40 50 1 697
82 95 6 411
55 39 5 803
19 20 1 632
43 47 1 899
60 71 6 322
52 1 3 988
12 10 5 893
58 100 3 609
40 86 1 782
100 74 4 673
73
4
